0.051622 122
14.434215 1
0.150602 1
0.157510 1
0.268447 1
0.463534 1
0.286908 1
0.204323 1
1.143527 1
0.425763 1
0.432938 1
0.267412 1
0.241056 1
0.207102 1
0.179431 1
0.188426 1
1.126099 1
0.280251 1
0.481485 1
2.083253 1
0.262897 1
0.673588 4
0.253886 1
0.160785 1
0.983333 1
0.429135 1
0.167626 1
0.297913 1
0.418468 1
0.229323 1
0.266003 1
0.237817 1
0.279816 1
0.183578 1
0.225712 1
0.249265 1
0.516539 2
0.345838 122
25.446494 1
0.183343 1
0.244134 1
0.213585 1
0.312805 1
0.212799 1
0.334476 1
0.188623 1
0.206205 1
0.274079 1
0.193877 1
0.164270 1
0.216906 1
0.287223 2
0.068460 26
3.642126 58
2.899055 2
0.036378 54
0.000921 122
3.178823 1
0.486387 1
0.211600 1
0.135137 1
0.197626 1
1.547424 1
0.207795 1
0.171063 1
0.281276 1
0.249807 2
0.025116 2
4.391129 1
0.150403 1
0.239326 1
0.195891 1
0.295090 1
0.705919 3
0.103982 1
0.223890 1
0.603889 3
0.125223 1
0.231850 2
0.000574 38
0.000050 2
0.000090 37
5.155401 2
0.004139 26
3.331380 58
3.812288 2
0.030991 54
0.000492 2
9.345651 1
0.491141 1
0.648035 2
0.003026 14
2.040700 2
0.052922 122
2.129069 1
0.288579 1
0.231338 1
0.196654 1
0.209068 1
0.283921 1
0.693789 1
0.316337 1
0.899150 1
0.256354 1
0.218801 1
0.181828 1
0.201891 1
0.866906 1
0.601318 1
0.328896 1
1.195955 1
0.546257 4
0.135111 1
0.455296 1
0.640132 1
0.214760 1
0.317937 1
0.246804 1
0.271873 1
0.206355 1
0.197213 1
0.238347 1
0.715493 2
0.064358 122
11.029111 1
0.305926 1
10.523428 1
0.457783 1
0.551824 1
1.199316 1
0.326739 1
0.581051 1
0.230254 1
0.217426 1
0.774572 1
0.526014 1
0.590398 1
0.867402 1
0.470638 1
0.244590 1
0.281590 1
0.163525 1
1.353859 1
0.517463 1
0.156570 1
0.645534 1
0.320546 1
0.430823 1
0.378788 1
0.215677 1
0.574799 1
0.240594 1
0.549811 1
0.269039 1
0.320978 1
0.238050 1
0.331585 1
1.315352 1
0.239110 1
1.134939 1
0.348877 1
0.213293 1
0.586281 1
0.453562 1
0.637515 1
0.355603 1
0.717635 1
0.239122 1
0.443606 1
0.309039 3
0.412770 1
0.610159 1
0.598287 1
0.249236 1
0.503275 1
0.286829 1
1.016820 1
1.220779 1
0.250949 1
0.360593 1
0.335069 1
0.218063 1
0.225759 1
0.260086 1
0.347012 2
0.121062 122
28.598551 1
0.567292 4
0.592407 1
0.139259 1
0.161277 1
0.296807 1
0.804722 1
0.384601 1
0.211271 1
1.067895 1
0.378071 1
0.736198 1
0.814552 1
0.545587 1
0.451151 1
0.217646 1
0.319166 1
1.716315 1
0.261799 1
1.973025 1
0.495776 1
0.302084 1
0.224215 1
0.316304 1
0.409347 1
4.572444 2
0.118901 54
0.000114 2
0.000758 122
30.748576 1
0.433554 1
0.213620 1
0.261395 1
0.165873 1
1.677227 1
0.858262 1
0.429366 1
0.253541 1
0.426795 1
0.257113 1
0.658196 1
0.416825 1
0.449855 1
0.309811 1
0.728286 2
0.002407 122
1.660148 15
0.371710 56
0.868768 2
0.048260 54
0.000118 2
0.000688 122
6.671238 1
0.684047 4
0.590385 1
0.665653 1
0.501366 1
0.513383 1
0.823662 1
0.341176 1
0.487418 1
0.450228 1
0.370672 1
0.654461 1
0.171781 1
0.953667 1
1.948270 1
0.480648 1
0.660370 1
1.729377 1
0.666405 1
0.871152 1
0.771382 1
0.425533 1
0.283142 1
0.620468 2
0.588576 50
0.055736 52
0.000375 60
0.000142 2
0.019482 66
0.000124 66
0.108930 67
0.000172 67
0.513361 67
0.000154 2
0.000045 63
0.000093 63
0.002795 73
0.000097 2
0.614157 1
0.000122 2
0.000106 52
0.000052 2
0.001261 122
7.326075 1
0.312972 1
0.209497 1
0.213746 1
0.202733 1
0.266019 2
0.027970 283
2.795314 5
1.193237 1
0.658595 1
0.162670 1
0.368027 1
0.344140 1
0.549679 1
0.360244 1
0.425280 2
0.000667 2
0.000079 27
0.000046 2
0.000502 42
0.000079 2
0.000062 2
0.000050 19
0.000050 2
0.000057 90
0.000608 2
0.000057 49
0.000018 2
0.000030 123
0.000018 2
0.000023 57
0.000017 2
0.000023 57
0.000017 2
0.000023 47
0.000016 2
0.000022 51
0.000017 2
0.000022 55
0.000017 2
0.000022 56
0.000017 2
0.000022 73
0.000017 2
0.000021 44
0.000017 2
0.000021 56
0.000017 2
0.000021 49
0.000313 2
0.000028 44
0.000016 2
0.000023 62
0.000017 2
0.000026 65
0.000017 2
0.000021 57
0.000017 2
0.000023 70
0.000016 2
0.000016 45
0.000017 2
0.000022 71
0.000016 2
0.000017 43
0.000016 2
0.000016 78
0.000017 2
0.000023 2
0.000024 66
0.000017 2
0.000033 65
0.000017 2
0.000052 2
0.000015 45
0.000013 2
0.001721 122
3.318449 12
0.754976 15
35.933597 1
0.328343 1
0.261691 1
0.223071 1
0.166819 1
1.109703 1
0.433239 1
0.626348 1
0.168482 1
0.541368 1
0.222283 1
0.342483 1
0.203694 1
0.208119 1
0.252106 1
0.242665 2
0.003143 122
3.132671 15
0.226046 17
0.555633 10
0.432606 26
1.237088 44
1.740831 2
0.049319 54
0.000118 2
0.000688 122
12.862364 1
0.177040 1
0.221183 1
0.210820 1
0.620573 1
0.194555 1
0.516909 2
0.022469 72
0.000874 2
0.000209 82
0.000051 2
0.000110 75
0.000153 2
0.000087 73
0.000116 2
0.000080 77
0.000195 2
0.000097 85
0.000018 2
0.000073 87
0.000875 2
0.000185 92
0.000019 2
0.000075 79
0.000017 2
0.000076 78
0.000018 2
0.000070 76
0.000017 2
0.000071 78
0.000018 2
0.000072 80
0.000017 2
0.000072 74
0.000017 2
0.001444 76
0.001210 2
0.000585 72
0.000128 2
0.000181 82
0.000054 2
0.000189 74
0.000323 2
0.000204 77
0.000065 2
0.000112 77
0.000046 2
0.000099 76
0.000045 2
0.000097 77
0.000991 2
0.002535 71
0.000143 2
0.000192 77
0.000070 2
0.000563 92
0.000120 2
0.000131 78
0.000046 2
0.000101 74
0.000045 2
0.000132 81
0.000046 2
0.000100 77
0.000043 2
0.000095 74
0.000043 2
0.000097 69
0.000042 2
0.000095 78
0.000043 2
0.000095 77
0.000042 2
0.000099 76
0.000043 2
0.000158 74
0.000283 2
0.000119 79
0.000045 2
0.000099 82
0.000043 2
0.000096 75
0.000043 2
0.000098 82
0.000155 2
0.000114 76
0.000044 2
0.000096 77
0.000043 2
0.000096 76
0.000043 2
0.000096 77
0.003414 2
0.000256 80
0.000044 2
0.000098 72
0.000043 2
0.000096 82
0.000044 2
0.000098 87
0.000043 2
0.000707 76
0.000207 2
0.000435 85
0.000102 2
0.000274 77
0.000084 2
0.000144 78
0.000054 2
0.000406 82
0.000114 2
0.000139 92
0.000044 2
0.000110 72
0.000043 2
0.000101 72
0.000044 2
0.000336 72
0.000046 2
0.000101 72
0.000043 2
0.000098 72
0.000044 2
0.000099 72
0.000043 2
0.000097 72
0.000043 2
0.000130 72
0.000048 2
0.000098 72
0.000043 2
0.000097 72
0.000043 2
0.000097 73
0.000044 2
0.000101 73
0.000044 2
0.000117 91
0.000044 2
0.000099 73
0.000074 2
0.000159 92
0.000044 2
0.000130 92
0.000044 2
0.000134 92
0.000043 2
0.000116 92
0.000045 2
0.000111 83
0.000044 2
0.000150 92
0.000047 2
0.000119 85
0.000043 2
0.000108 80
0.000655 2
0.000155 89
0.000045 2
0.000110 82
0.000045 2
0.000144 92
0.000044 2
0.000114 92
0.000044 2
0.000127 92
0.000044 2
0.000153 92
0.000044 2
0.000114 92
0.002818 2
0.000267 92
0.000046 2
0.000114 73
0.000180 2
0.000110 82
0.000046 2
0.000172 80
0.000048 2
0.000100 75
0.000043 2
0.000126 92
0.000044 2
0.000115 92
0.000044 2
0.000118 87
0.000044 2
0.000144 92
0.000076 2
0.000128 92
0.000044 2
0.000112 79
0.000044 2
0.000117 92
0.000044 2
0.000134 85
0.000044 2
0.000129 92
0.000043 2
0.000145 85
0.000047 2
0.000139 92
0.000045 2
0.000119 73
0.000043 2
0.000116 92
0.000044 2
0.000118 92
0.003143 2
0.000371 92
0.000097 2
0.000139 92
0.000048 2
0.000128 92
0.000046 2
0.000159 90
0.000820 2
0.000462 84
0.001296 2
0.000530 92
0.000123 2
0.000223 92
0.000050 2
0.000133 92
0.000046 2
0.000124 92
0.000047 2
0.004306 92
0.000114 2
0.000149 92
0.000047 2
0.000131 92
0.000046 2
0.000116 92
0.000082 2
0.000130 92
0.000045 2
0.000118 92
0.000044 2
0.000114 92
0.000045 2
0.000114 92
0.000045 2
0.000115 92
0.000044 2
0.000116 85
0.000073 2
0.000126 92
0.000045 2
0.000114 92
0.000046 2
0.000118 88
0.000045 2
0.000119 92
0.000045 2
0.000114 92
0.000045 2
0.000145 92
0.000048 2
0.000117 92
0.000045 2
0.000117 92
0.000045 2
0.000111 92
0.000158 2
0.000126 92
0.000046 2
0.000180 92
0.000053 2
0.000126 91
0.000046 2
0.000117 92
0.000046 2
0.000117 92
0.000046 2
0.000113 90
0.000045 2
0.000115 92
0.000045 2
0.000192 92
0.000051 2
0.000117 92
0.000045 2
0.000112 92
0.000046 2
0.000113 92
0.000046 2
0.000112 92
0.000045 2
0.000112 92
0.000124 2
0.000128 92
0.000045 2
0.000111 92
0.000044 2
0.000109 92
0.000046 2
0.000114 92
0.000045 2
0.000112 92
0.000045 2
0.000146 92
0.000049 2
0.000115 92
0.000046 2
0.000114 92
0.000046 2
0.000111 92
0.000045 2
0.000113 92
0.000046 2
0.000112 92
0.000575 2
0.000394 92
0.000080 2
0.000270 92
0.003917 2
0.000363 92
0.000077 2
0.000178 92
0.000065 2
0.000320 92
0.000065 2
0.000186 87
0.000053 2
0.000181 92
0.000057 2
0.000147 92
0.000300 2
0.000307 80
0.000066 2
0.000160 92
0.000058 2
0.000291 85
0.000073 2
0.000240 84
0.000048 2
0.000126 92
0.000046 2
0.000142 69
0.000046 2
0.000220 67
0.000053 2
0.000152 69
0.000047 2
0.000117 92
0.000046 2
0.000120 72
0.000046 2
0.000117 74
0.000045 2
0.000210 67
0.000053 2
0.000129 67
0.000046 2
0.000128 69
0.000097 2
0.000116 92
0.000048 2
0.000113 92
0.000046 2
0.000175 92
0.000052 2
0.000125 71
0.000046 2
0.000803 122
9.108926 1
0.356950 1
0.426110 4
3.666422 1
0.295569 1
0.251423 1
0.457594 1
0.384509 124
1.617025 2
0.381532 8
0.451261 29
0.820469 32
0.614339 2
0.003999 72
0.003995 2
0.000560 82
0.000093 2
0.000154 75
0.000058 2
0.000116 73
0.000055 2
0.000172 77
0.000069 2
0.000169 85
0.000348 2
0.000180 87
0.002778 2
0.000308 92
0.001285 2
0.000251 79
0.000054 2
0.000114 78
0.000045 2
0.000104 76
0.000101 2
0.000106 78
0.000044 2
0.000101 80
0.000043 2
0.000099 74
0.000042 2
0.000098 76
0.000042 2
0.000099 72
0.000042 2
0.000098 82
0.000042 2
0.000529 74
0.000071 2
0.000102 77
0.000044 2
0.000098 77
0.000043 2
0.000099 76
0.000558 2
0.000281 77
0.000071 2
0.000387 71
0.000362 2
0.000522 77
0.001106 2
0.000297 92
0.000047 2
0.000107 78
0.000045 2
0.000101 74
0.000044 2
0.000148 81
0.000044 2
0.000099 77
0.000044 2
0.000098 74
0.000043 2
0.000097 69
0.000043 2
0.000097 78
0.000043 2
0.000095 77
0.000044 2
0.000133 76
0.000054 2
0.000107 74
0.000235 2
0.000120 79
0.000911 2
0.000294 82
0.000085 2
0.000394 75
0.000099 2
0.000181 82
0.000053 2
0.000107 76
0.000055 2
0.000110 77
0.000053 2
0.000203 76
0.001339 2
0.002760 77
0.000109 2
0.000127 80
0.000047 2
0.000108 72
0.000095 2
0.000268 82
0.000065 2
0.000134 87
0.000047 2
0.000101 76
0.000044 2
0.000107 85
0.002588 2
0.000288 77
0.000054 2
0.000110 78
0.000055 2
0.000165 82
0.000116 2
0.000170 92
0.000050 2
0.000115 72
0.000045 2
0.000180 72
0.000058 2
0.000142 72
0.000062 2
0.000608 72
0.000136 2
0.000160 72
0.000048 2
0.000340 72
0.000172 2
0.000210 72
0.000068 2
0.000140 72
0.000046 2
0.000241 72
0.000071 2
0.000137 72
0.000048 2
0.000101 73
0.000041 2
0.000147 73
0.000073 2
0.000330 91
0.001349 2
0.000453 73
0.000143 2
0.000244 92
0.000066 2
0.000193 92
0.006718 2
0.000371 92
0.000519 2
0.000342 92
0.000070 2
0.000130 83
0.000169 2
0.000135 92
0.000049 2
0.000134 85
0.000050 2
0.000129 80
0.000056 2
0.000150 89
0.000051 2
0.000208 82
0.000063 2
0.000179 92
0.000049 2
0.000130 92
0.000203 2
0.000189 92
0.002235 2
0.000345 92
0.000373 2
0.000353 92
0.000230 2
0.000151 92
0.000211 2
0.000188 73
0.000732 2
0.000605 82
0.000063 2
0.000105 80
0.000044 2
0.000100 75
0.000043 2
0.001726 92
0.000125 2
0.000261 92
0.001814 2
0.000408 87
0.000049 2
0.000158 92
0.000173 2
0.000135 92
0.000046 2
0.000160 79
0.000051 2
0.000129 92
0.000045 2
0.000146 85
0.000045 2
0.000137 92
0.001265 2
0.000342 85
0.000058 2
0.000169 92
0.000054 2
0.000155 73
0.000059 2
0.000163 92
0.000060 2
0.000448 92
0.000073 2
0.000226 92
0.000056 2
0.000140 92
0.000164 2
0.000223 92
0.001580 2
0.000418 90
0.000051 2
0.000123 84
0.000050 2
0.000145 92
0.000058 2
0.001040 92
0.003401 2
0.000327 92
0.000066 2
0.000143 92
0.000049 2
0.000297 92
0.000078 2
0.000178 92
0.000045 2
0.000176 92
0.000079 2
0.000206 92
0.000060 2
0.000136 92
0.000046 2
0.000120 92
0.000046 2
0.000116 92
0.000046 2
0.000115 92
0.000045 2
0.000118 92
0.000045 2
0.000157 85
0.000045 2
0.000118 92
0.000044 2
0.000115 92
0.000045 2
0.000118 88
0.000044 2
0.000115 92
0.000046 2
0.000113 92
0.000102 2
0.000125 92
0.000045 2
0.000114 92
0.000045 2
0.000113 92
0.000045 2
0.000114 92
0.000044 2
0.000111 92
0.000045 2
0.000167 92
0.000056 2
0.000123 91
0.000045 2
0.000115 92
0.000046 2
0.003830 92
0.000130 2
0.000168 90
0.000049 2
0.000127 92
0.000226 2
0.000162 92
0.000049 2
0.000120 92
0.000046 2
0.000117 92
0.000045 2
0.000114 92
0.000045 2
0.000114 92
0.000045 2
0.000148 92
0.000047 2
0.000113 92
0.000044 2
0.000115 92
0.000046 2
0.000119 92
0.000048 2
0.000132 92
0.000056 2
0.000254 92
0.000068 2
0.000148 92
0.000050 2
0.000125 92
0.000051 2
0.000157 92
0.000067 2
0.000178 92
0.000376 2
0.000340 92
0.000076 2
0.000202 92
0.000093 2
0.004328 92
0.006463 2
0.000322 92
0.000050 2
0.000129 92
0.000054 2
0.000153 92
0.000209 2
0.000221 92
0.000053 2
0.000175 87
0.000046 2
0.000121 92
0.000046 2
0.000122 92
0.000046 2
0.000225 80
0.000071 2
0.000181 92
0.000062 2
0.000153 85
0.000060 2
0.000151 84
0.000058 2
0.000267 92
0.000083 2
0.000192 69
0.000050 2
0.000224 67
0.000096 2
0.000131 69
0.000251 2
0.000230 92
0.000062 2
0.000230 72
0.000090 2
0.000335 74
0.000102 2
0.000318 67
0.000105 2
0.000212 67
0.000122 2
0.000144 69
0.000046 2
0.000110 92
0.000044 2
0.000106 92
0.000045 2
0.000122 92
0.000045 2
0.000126 71
0.001336 2
0.000906 122
14.515238 1
0.212109 1
0.321567 1
0.205612 1
0.297564 345
16.609039 4
1.143040 1
0.226363 1
0.247162 1
0.256782 1
0.183483 1
0.768528 124
1.618681 9
0.300128 8
0.352801 10
0.426991 12
0.636365 8
0.461044 2
0.001104 72
0.000248 2
0.000186 82
0.000060 2
0.000157 75
0.000055 2
0.000155 73
0.000074 2
0.000251 77
0.000072 2
0.000138 91
0.000055 2
0.000165 87
0.000048 2
0.000104 92
0.000093 2
0.000205 79
0.000069 2
0.000146 78
0.000054 2
0.000156 76
0.000050 2
0.000124 78
0.000036 2
0.000698 80
0.000029 2
0.000103 74
0.000020 2
0.000093 76
0.000020 2
0.000098 72
0.000022 2
0.000099 82
0.000022 2
0.000180 74
0.000023 2
0.000098 77
0.000018 2
0.000075 77
0.000018 2
0.000075 76
0.000018 2
0.000070 77
0.000017 2
0.000074 71
0.000017 2
0.000079 77
0.000019 2
0.000091 92
0.000030 2
0.000107 78
0.000016 2
0.000245 74
0.000023 2
0.000090 81
0.000027 2
0.000102 77
0.000016 2
0.000069 74
0.000016 2
0.000073 69
0.000016 2
0.000067 78
0.000016 2
0.000068 77
0.000015 2
0.000070 76
0.000016 2
0.000125 74
0.000018 2
0.000080 79
0.000016 2
0.000104 82
0.000032 2
0.000102 75
0.000022 2
0.000101 82
0.000016 2
0.000068 76
0.000017 2
0.000067 77
0.000015 2
0.000066 76
0.000016 2
0.000127 77
0.000021 2
0.000290 80
0.000020 2
0.000070 72
0.000016 2
0.000066 82
0.001618 2
0.000201 87
0.000021 2
0.000081 76
0.000019 2
0.000080 85
0.000018 2
0.000079 77
0.000019 2
0.000086 78
0.000020 2
0.000080 82
0.000022 2
0.000126 92
0.001250 2
0.005436 72
0.001550 2
0.000204 72
0.000048 2
0.000106 72
0.000046 2
0.000100 72
0.000043 2
0.000220 72
0.000045 2
0.000100 72
0.000043 2
0.000097 72
0.000043 2
0.000096 72
0.000046 2
0.000098 72
0.000044 2
0.000099 72
0.000043 2
0.001083 73
0.001665 2
0.000457 73
0.000083 2
0.000150 91
0.000088 2
0.000194 73
0.000066 2
0.000234 92
0.000069 2
0.000201 92
0.000044 2
0.000146 92
0.001408 2
0.009926 92
0.000137 2
0.000210 83
0.000093 2
0.000211 92
0.000070 2
0.000278 85
0.000091 2
0.000187 80
0.000066 2
0.000146 89
0.000057 2
0.000175 82
0.000066 2
0.000373 92
0.000085 2
0.000185 92
0.000063 2
0.000193 92
0.000064 2
0.000306 92
0.000073 2
0.000157 92
0.000060 2
0.000156 92
0.000059 2
0.000137 73
0.000058 2
0.000619 82
0.000216 2
0.000834 80
0.000099 2
0.000123 75
0.000046 2
0.000208 92
0.000047 2
0.000124 92
0.000045 2
0.000119 87
0.000046 2
0.000151 92
0.000045 2
0.000127 92
0.000047 2
0.000221 79
0.000055 2
0.000128 92
0.000191 2
0.000223 85
0.000074 2
0.000395 92
0.000095 2
0.000150 85
0.000047 2
0.000147 92
0.000047 2
0.000123 73
0.000047 2
0.000210 92
0.000056 2
0.000122 92
0.000045 2
0.000179 92
0.000102 2
0.000154 92
0.000046 2
0.000366 92
0.000157 2
0.000308 90
0.000072 2
0.000177 84
0.000073 2
0.000290 92
0.000078 2
0.000181 92
0.000059 2
0.000159 92
0.000060 2
0.000412 92
0.000083 2
0.000191 92
0.000062 2
0.000157 92
0.000057 2
0.000215 92
0.000076 2
0.000164 92
0.000063 2
0.000174 92
0.000076 2
0.000186 92
0.000063 2
0.000225 92
0.000069 2
0.000159 92
0.000058 2
0.000156 92
0.000065 2
0.000155 85
0.001367 2
0.000430 92
0.000093 2
0.000169 92
0.000122 2
0.000195 88
0.000064 2
0.000161 92
0.000062 2
0.000149 92
0.000058 2
0.000157 92
0.000253 2
0.000458 92
0.000110 2
0.000184 92
0.001573 2
0.000389 92
0.000105 2
0.000183 92
0.000078 2
0.000182 92
0.008802 2
0.000248 91
0.004555 2
0.000268 92
0.000022 2
0.000109 92
0.000021 2
0.000107 90
0.000252 2
0.000232 92
0.000019 2
0.000103 92
0.000018 2
0.000095 92
0.000018 2
0.000089 92
0.000138 2
0.000162 92
0.000019 2
0.000091 92
0.000017 2
0.000090 92
0.002027 2
0.000224 92
0.000019 2
0.000095 92
0.000019 2
0.000089 92
0.000017 2
0.000300 92
0.000048 2
0.000260 92
0.000066 2
0.000181 92
0.000048 2
0.000120 92
0.000091 2
0.000246 92
0.000062 2
0.000134 92
0.000066 2
0.000097 92
0.000037 2
0.000096 92
0.000037 2
0.000100 92
0.000066 2
0.000200 92
0.000039 2
0.000100 92
0.000036 2
0.000097 92
0.000036 2
0.000095 92
0.000036 2
0.000145 87
0.000037 2
0.000098 92
0.000068 2
0.000187 92
0.000053 2
0.000125 80
0.000046 2
0.000128 92
0.000050 2
0.000120 85
0.000045 2
0.000118 84
0.000046 2
0.000220 92
0.000047 2
0.000132 69
0.000046 2
0.000122 67
0.000046 2
0.000121 69
0.000046 2
0.000118 92
0.000046 2
0.000159 72
0.000050 2
0.000121 74
0.000046 2
0.000194 67
0.000037 2
0.000100 67
0.000258 2
0.000285 69
0.000179 2
0.000144 92
0.001664 2
0.000333 92
0.000058 2
0.000152 92
0.000099 2
0.000410 71
0.000096 2
0.000912 122
4.162505 124
3.431243 1
0.533146 1
47.548067 1
0.981802 1
0.539921 1
0.475011 1
0.971923 8
0.000228 2
1.797701 1
0.390415 1
0.214391 1
0.383334 1
0.189176 2
0.004242 122
16.315315 126
10.335253 126
8.569878 6
